清空采集任务#07 01 04 60 12 81 00 00 00
延时#5
清空采集方案#07 01 05 60 14 81 00 00 00
延时#5
清空上报方案集#07 01 01 60 1c 81 00 00 00
延时#5
1 <37-6012  TASKID="31" #07 01 06 60 12 7f 00 01 01 02 0c 11 1f 54 03 00 01 16 01 11 1f 1c 07 e3 01 01 00 00 00 1c 08 33 01 01 00 00 00 54 01 00 0f 16 02 16 01 12 00 00 12 00 00 02 02 16 00 01 01 02 04 11 00 11 00 11 17 11 3b 00
2 <37-6012  TASKID="32" #07 01 0a 60 12 7f 00 01 01 02 0c 11 20 54 01 00 0f 16 01 11 20 1c 07 e3 01 01 00 05 00 1c 08 33 01 01 00 00 00 54 00 00 00 16 04 16 01 12 00 00 12 00 00 02 02 16 00 01 01 02 04 11 00 11 00 11 17 11 3b 00
3 <37-6012  TASKID="41" #07 01 08 60 12 7f 00 01 01 02 0c 11 29 54 03 00 01 16 04 11 29 1c 07 e3 01 01 00 00 00 1c 08 33 01 01 00 00 00 54 02 00 04 16 02 16 01 12 00 00 12 00 00 02 02 16 00 01 01 02 04 11 00 11 00 11 17 11 3b 00
4 <37-6012  TASKID="42" #07 01 0d 60 12 7f 00 01 01 02 0c 11 2a 54 01 00 0f 16 04 11 2a 1c 07 e3 01 01 00 00 00 1c 08 33 01 01 00 00 00 54 01 00 05 16 04 16 01 12 00 00 12 00 00 02 02 16 00 01 01 02 04 11 00 11 00 11 17 11 3b 00
5 <37-6014  TASKID="31" #07 01 23 60 14 7f 00 01 01 02 06 11 1f 12 00 3e 02 02 11 02 00 01 01 5b 01 50 04 02 00 03 20 21 02 00 00 10 02 00 00 20 02 00 5c 02 01 25 16 03 00
6 <37-6014  TASKID="32" #07 01 09 60 14 7f 00 01 01 02 06 11 20 12 0b a0 02 02 11 03 54 01 00 0f 01 01 5b 01 50 02 02 00 08 20 21 02 00 20 00 02 00 20 01 02 00 20 04 02 00 20 0a 02 00 20 01 04 00 00 10 02 01 00 20 02 01 5c 02 01 25 16 06 00
7 <37-601C  TASKID="41" #07 01 24 60 1c 7f 00 01 01 02 05 11 29 01 02 51 45 00 00 00 51 45 10 00 00 54 00 00 3c 11 03 02 02 11 01 02 03 51 60 12 03 00 60 05 00 20 2a 02 00 00 60 40 02 00 00 60 41 02 00 00 60 42 02 00 01 50 04 02 00 03 20 21 02 00 00 10 02 00 00 20 02 00 5a 08 07 e3 01 01 00 00 00 08 33 01 01 17 3b 3b 03 00 01 02 01 25 00
8 <37-601C  TASKID="42" #07 01 1a 60 1c 7f 00 01 01 02 05 11 2a 01 02 51 45 00 00 00 51 45 10 00 00 54 00 00 3c 11 03 02 02 11 01 02 03 51 60 12 03 00 60 05 00 20 2a 02 00 00 60 40 02 00 00 60 41 02 00 00 60 42 02 00 01 50 02 02 00 08 20 21 02 00 20 00 02 00 20 01 02 00 20 04 02 00 20 0a 02 00 20 01 04 00 00 10 02 01 00 20 02 01 5a 08 07 e3 01 01 00 00 00 08 33 01 01 17 3b 3b 03 00 01 02 01 25 0
延时#2
数据初始化#07 01 04 43 00 03 00 00 00
延时#5